[main]
corde1_frequence1 = 12.41
corde1_frequence2 = 24.509999999999966
corde1_frequence3 = 37.48000000000004
corde1_frequence4 = 49.410000000000075
corde1_frequence5 = 61.65000000000008
corde2_frequence1 = 10.030000000000001
corde2_frequence2 = 20.319999999999972
corde2_frequence3 = 30.149999999999945
corde2_frequence4 = 40.88999999999975
corde2_frequence5 = 51.410000000000046
corde3_frequence1 = 12.340000000000003
corde3_frequence2 = 25.249999999999968
corde3_frequence3 = 36.97000000000008
corde3_frequence4 = 50.34000000000007
corde3_frequence5 = 62.950000000000024
corde4_frequence1 = 10.680000000000037
corde4_frequence2 = 22.429999999999996
corde4_frequence3 = 33.55000000000007
corde4_frequence4 = 44.800000000000004
corde4_frequence5 = 56.229999999999755
corde5_frequence1 = 9.049999999999986
corde5_frequence2 = 18.869999999999997
corde5_frequence3 = 27.890000000000175
corde5_frequence4 = 36.66000000000002
corde5_frequence5 = 47.339999999999215
corde6_frequence1 = 10.809999999999995
corde6_frequence2 = 21.600000000000033
corde6_frequence3 = 32.320000000000014
corde6_frequence4 = 42.850000000000016
corde6_frequence5 = 53.73000000000065
corde7_frequence1 = 13.819999999999999
corde7_frequence2 = 28.089999999999986
corde7_frequence3 = 42.33999999999974
corde7_frequence4 = 55.84999999999987
corde7_frequence5 = 70.62000000000185
corde8_frequence1 = 14.50000000000001
corde8_frequence2 = 28.209999999999923
corde8_frequence3 = 42.52000000000018
corde8_frequence4 = 58.36000000000013
corde8_frequence5 = 71.67999999999962
volume_cordes_slider = 0.5
time_between_frequencies = 1.2000000000000002
time_stop_on_frequency = 30.0

